[606.664, 81.3289]   [407.351, 109.839]
[757.389, 85.9393]   [493.87, 41.8334]
[756.075, 88.5572]   [494.425, 44.9192]
[327.519, 102.155]   [259.638, 252.37]
[503.987, 111.023]   [363.128, 174.977]
[591.53, 119.809]   [416.8, 138.719]
[235.319, 127.343]   [219.033, 309.804]
[794.872, 128.081]   [535.195, 48.6657]
[472.597, 132.053]   [355.408, 201.121]
[637.631, 132.059]   [448.323, 124.009]
[406.433, 133.279]   [318.462, 233.157]
[671.156, 137.133]   [470.282, 111.278]
[641.106, 142.592]   [456.085, 129.068]
[468.138, 147.556]   [360.282, 212.124]
[236.796, 169.644]   [240.1, 333.245]
[439.013, 172.922]   [355.513, 240.048]
[264.322, 182.849]   [261.376, 327.836]
[175.376, 183.711]   [211.799, 370.052]
[520.709, 184.213]   [406.336, 208.302]
[195.407, 199.028]   [229.883, 369.447]
[250.571, 205.947]   [264.728, 347.606]
[76.5008, 211.739]   [169.174, 432.367]
[271.499, 216.183]   [281.141, 342.913]
[633.083, 217.076]   [486.651, 174.359]
[561.247, 219.167]   [447.099, 209.055]
[195.698, 223.254]   [241.583, 382.435]
[92.8822, 230.902]   [187.825, 435.158]
[564.885, 231.917]   [454.511, 214.015]
[519.662, 234.395]   [429.388, 237.528]
[424.183, 236.17]   [377.044, 282.677]
[318.475, 240.672]   [319.08, 335.188]
[436.695, 242.278]   [387.197, 280.021]
[493.222, 244.339]   [420.017, 255.479]
[664.837, 247.696]   [517.928, 176.427]
[333.556, 249.127]   [331.96, 333.171]
[641.992, 249.571]   [505.815, 188.575]
[465.685, 254.374]   [409.066, 273.484]
[344.957, 263.679]   [344.976, 335.339]
[580.151, 268.664]   [480.91, 228.795]
[564.181, 273.117]   [473.252, 237.573]
[546.32, 274.068]   [463.571, 246.934]
[717.382, 282.685]   [564.139, 172.636]
[688.893, 304.497]   [557.889, 197.56]
[632.738, 307.221]   [527.522, 225.394]
[334.481, 308.068]   [359.869, 365.612]
[47.0335, 309.855]   [198.308, 501.218]
[260.129, 311.841]   [319.662, 401.96]
[435.14, 311.588]   [417.933, 319.977]
[657.623, 317.519]   [547.115, 219.227]
[374.127, 318.953]   [387.384, 352.53]
[574.339, 319.403]   [500.406, 259.385]
[222.455, 319.772]   [301.956, 424.626]
[95.4387, 325.19]   [232.611, 487.493]
[193.065, 325.357]   [288.071, 441.796]
[167.602, 331.439]   [276.61, 456.227]
[198.183, 333.595]   [294.814, 444.423]
[598.489, 334.985]   [521.615, 256.893]
[481.825, 341.032]   [457.968, 314.943]
[204.315, 341.434]   [301.72, 445.415]
[536.871, 350.97]   [494.439, 294.921]
[326.988, 351.446]   [376.009, 392.691]
[324.606, 353.548]   [375.566, 395.597]
[278.906, 354.79]   [350.583, 418.327]
[341.662, 357.908]   [387.848, 390.379]
[602.311, 359.314]   [534.755, 268.991]
[20.1377, 359.831]   [206.792, 542.017]
[807.515, 369.746]   [655.572, 178.474]
[366.841, 377.467]   [411.164, 389.382]
[397.715, 381.852]   [430.965, 377.349]
[172.132, 384.086]   [303.38, 484.426]
[478.054, 394.615]   [481.081, 347.428]
[474.109, 398.023]   [481.458, 350.61]
[29.4451, 398.696]   [231.071, 559.854]
[450.365, 398.31]   [467.013, 362.178]
[659.78, 406.108]   [589.897, 267.84]
[826.62, 405.801]   [683.935, 189.658]
[665.374, 415.693]   [597.167, 270.979]
[655.75, 418.02]   [593.462, 276.873]
[392.431, 422.004]   [445.654, 402.685]
[175.115, 423.614]   [324.434, 505.179]
[507.997, 432.903]   [516.492, 354.161]
[457.493, 435.817]   [489.434, 379.714]
[394.244, 441.222]   [456.889, 412.405]
[727.592, 447.944]   [647.415, 260.368]
[664.086, 458.21]   [616.857, 296.095]
[654.602, 461.697]   [612.886, 301.861]
[193.694, 488.419]   [364.677, 533.134]
[304.536, 505.12]   [435.021, 490.543]
[482.877, 505.094]   [535.971, 407.19]
[509.223, 510.834]   [553.05, 397.456]
[304.622, 512.846]   [438.655, 494.802]
[328.36, 520.882]   [455.962, 488.404]
[446.768, 527.481]   [526.155, 437.093]
[217.93, 529.13]   [398.394, 544.721]
[304.371, 543.13]   [453.223, 512.776]
[340.065, 543.498]   [473.665, 495.617]
[582.66, 553.794]   [616.068, 388.074]
[294.707, 583.545]   [466.593, 539.052]
[282.841, 596.741]   [465.984, 552.268]
[217.569, 608.94]   [435.546, 590.578]
[569.548, 609.455]   [633.98, 424.928]
[281.556, 653.059]   [492.186, 585.186]
[778.719, 655.95]   [773.93, 353.679]
[103.086, 658.017]   [394.19, 671.804]
[299.474, 45.1449]   [216.573, 233.529]
[285.26, 52.8243]   [212.081, 244.968]
[299.548, 60.2932]   [224.124, 242.661]
[701.9, 85.6667]   [462.803, 68.1338]
[329.391, 90.2798]   [254.973, 244.574]
[774.061, 90.8577]   [505.982, 37.5969]
[545.958, 98.5974]   [380.941, 147.979]
[555.151, 100.455]   [387.039, 145.119]
[561.188, 100.483]   [390.669, 142.131]
[756.849, 101.086]   [501.358, 51.5514]
[546.044, 102.008]   [382.822, 150.163]
[592.055, 102.928]   [409.057, 128.961]
[621.437, 103.715]   [425.99, 115.407]
[784.012, 104.77]   [517.991, 40.6425]
[582.527, 107.078]   [406.004, 135.796]
[306.871, 107.359]   [250.14, 265.189]
[689.274, 111.354]   [467.441, 88.6574]
[330.332, 111.977]   [265.358, 256.611]
[719.329, 112.869]   [485.001, 75.5904]
[527.452, 115.365]   [378.799, 166.622]
[564.621, 116.169]   [399.931, 149.219]
[612.683, 115.899]   [427.305, 126.368]
[513.618, 116.52]   [371.137, 173.369]
[582.837, 117.53]   [410.917, 142.374]
[772.556, 117.81]   [517.868, 53.6247]
[462.068, 118.688]   [343.284, 198.45]
[641.451, 118.486]   [444.087, 115.015]
[468.446, 121.58]   [347.911, 197.393]
[718.346, 122.788]   [489.529, 81.3477]
[740.066, 123.191]   [502.362, 71.1936]
[193.824, 123.9]   [194.499, 326.949]
[187.234, 126.128]   [191.423, 332.128]
[573.731, 125.956]   [409.422, 150.705]
[560.691, 126.359]   [402.316, 156.832]
[621.961, 127.506]   [437.894, 128.521]
[314.963, 128.886]   [265.37, 273.291]
[580.516, 129.428]   [415.125, 149.343]
[562.907, 131.683]   [406.357, 158.899]
[417.583, 132.37]   [324.343, 227.391]
[402.717, 133.046]   [316.016, 234.977]
[423.589, 132.774]   [328.062, 224.654]
[631.48, 134.306]   [445.957, 128.718]
[194.488, 135.773]   [200.004, 333.983]
[304.458, 135.95]   [261.818, 282.776]
[642.598, 138.823]   [454.648, 126.065]
[477.478, 143.564]   [363.64, 205.544]
[574.455, 147.443]   [419.556, 162.592]
[461.535, 149.669]   [357.406, 216.419]
[303.667, 150.879]   [268.739, 291.099]
[479.989, 161.285]   [373.15, 214.418]
[210.432, 174.877]   [228.083, 348.003]
[254.86, 175.044]   [252.309, 327.751]
[585.606, 176.284]   [440.089, 173.176]
[258.352, 181.417]   [257.155, 330.191]
[489.923, 182.342]   [388.337, 221.604]
[585.433, 182.9]   [443.195, 177.168]
[590.568, 183.01]   [446.046, 174.496]
[676.431, 184.757]   [495.085, 135.426]
[268.138, 189.114]   [266.645, 329.447]
[519.971, 193.336]   [410.572, 214.039]
[685.433, 200.789]   [507.626, 140.484]
[178.893, 204.728]   [223.416, 380.426]
[487.131, 207.138]   [398.622, 237.053]
[685.577, 213.523]   [513.553, 147.554]
[211.486, 215.517]   [246.881, 370.544]
[379.816, 217.399]   [342.974, 293.061]
[193.439, 218.792]   [238.111, 381.209]
[48.6715, 219.069]   [156.596, 449.498]
[116.729, 219.761]   [195.283, 418.06]
[392.491, 223.032]   [352.901, 290.296]
[259.327, 224.657]   [278.322, 353.664]
[302.758, 224.988]   [302.772, 333.725]
[194.186, 226.863]   [242.756, 385.514]
[243.165, 229.919]   [271.888, 364.099]
[810.317, 230.006]   [591.37, 98.9147]
[355.096, 232.967]   [336.863, 314.121]
[472.973, 234.649]   [403.92, 258.666]
[562.385, 234.1]   [454.005, 216.925]
[455.92, 235.027]   [394.04, 266.901]
[674.173, 235.881]   [517.634, 165.113]
[406.156, 237.099]   [367.265, 291.713]
[533.586, 239.559]   [440.369, 233.53]
[638.076, 239.36]   [498.774, 184.495]
[412.873, 240.174]   [372.029, 290.603]
[420.823, 240.075]   [377.109, 286.295]
[523.182, 239.768]   [433.763, 238.986]
[570.155, 239.941]   [460.92, 216.719]
[431.494, 240.703]   [383.138, 281.9]
[740.985, 240.8]   [557.722, 137.326]
[501.288, 241.444]   [422.937, 249.625]
[746.433, 241.33]   [560.809, 134.946]
[325.242, 242.065]   [323.5, 332.438]
[453.25, 242.144]   [396.173, 272.305]
[464.831, 242.236]   [403.075, 266.856]
[572.604, 242.859]   [463.859, 216.807]
[386.419, 243.595]   [359.105, 304.119]
[683.448, 244.443]   [527.002, 166.086]
[624.981, 244.771]   [493.953, 193.416]
[338.177, 248.754]   [334.569, 330.113]
[410.44, 249.068]   [375.223, 296.368]
[323.983, 249.189]   [326.379, 337.602]
[759.18, 250.084]   [571.976, 134.386]
[422.547, 252.437]   [383.631, 292.691]
[427.771, 256.244]   [388.117, 292.654]
[710.935, 255.8]   [547.935, 159.302]
[726.022, 258.182]   [557.065, 154.235]
[419.707, 260.64]   [386.14, 298.776]
[820.266, 260.696]   [611.731, 111.904]
[331.489, 262.318]   [336.41, 340.873]
[373.328, 263.745]   [361.012, 322.471]
[463.903, 265.855]   [413.411, 280.681]
[398.077, 267.895]   [376.966, 312.46]
[414.28, 269.045]   [386.286, 305.593]
[513.603, 269.136]   [442.537, 259.681]
[522.109, 272.007]   [449.171, 257.601]
[32.3425, 274.407]   [174.484, 488.031]
[323.647, 274.638]   [338.69, 351.685]
[558.266, 277.307]   [472.062, 243.151]
[268.604, 278.053]   [308.629, 379.467]
[269.96, 281.504]   [311.025, 381.161]
[720.524, 281.555]   [565.689, 169.885]
[331.29, 284.032]   [346.943, 353.855]
[436.091, 286.582]   [407.228, 305.649]
[558.077, 289.697]   [477.771, 250.038]
[409.108, 290.467]   [393.793, 320.048]
[578.762, 292.994]   [491.188, 242.777]
[196.264, 297.001]   [276.612, 424.153]
[46.0995, 298.086]   [192.103, 495.413]
[331.923, 298.421]   [353.659, 361.153]
[444.992, 298.988]   [417.652, 308.097]
[112.648, 305.594]   [233.445, 468.415]
[152.002, 307.142]   [256.083, 450.632]
[73.9901, 309.951]   [213.784, 488.898]
[338.251, 310.145]   [362.85, 364.641]
[18.1071, 311.85]   [183.118, 515.934]
[719.709, 312.277]   [579.517, 187.687]
[191.879, 312.596]   [281.529, 434.941]
[226.345, 312.572]   [300.816, 418.692]
[219.045, 313.148]   [297.091, 422.496]
[716.271, 312.8]   [577.402, 189.832]
[730.525, 313.07]   [585.89, 183.342]
[89.4735, 313.608]   [223.88, 483.567]
[257.494, 313.781]   [318.96, 404.889]
[825.474, 313.95]   [639.342, 139.315]
[43.2218, 317.548]   [199.601, 507.556]
[769.927, 317.61]   [610.518, 167.224]
[827.732, 317.598]   [643.511, 140.328]
[135.509, 318.155]   [252.014, 464.269]
[239.122, 319.443]   [311.35, 416.882]
[129.538, 319.858]   [249.317, 468.035]
[639.355, 319.833]   [537.925, 229.592]
[333.885, 320.964]   [365.538, 372.964]
[158.971, 321.535]   [266.932, 455.412]
[235.239, 323.118]   [311.832, 420.242]
[169.26, 323.514]   [273.796, 452.213]
[112.077, 323.904]   [241.5, 478.622]
[179.8, 323.808]   [279.676, 447.544]
[35.9496, 324.432]   [198.742, 514.867]
[28.3157, 324.93]   [194.94, 519.059]
[147.09, 325.164]   [262.236, 463.267]
[779.681, 324.96]   [618.948, 167.165]
[432.868, 326.089]   [423.569, 329.522]
[631.921, 327.574]   [537.068, 237.234]
[817.176, 327.434]   [641.384, 150.74]
[179.84, 329.125]   [282.373, 449.916]
[424.207, 329.504]   [420.825, 335.584]
[571.795, 329.994]   [503.952, 266.589]
[142.249, 331.115]   [262.043, 468.837]
[172.478, 331.448]   [279.221, 455.024]
[380.925, 331.616]   [396.804, 357.061]
[312.995, 332.263]   [358.456, 389.403]
[676.939, 332.168]   [565.103, 218.49]
[301.014, 334.188]   [353.212, 395.878]
[582.345, 334]   [512.209, 263.864]
[109.435, 334.396]   [244.901, 486.191]
[182.958, 335.135]   [287.03, 451.828]
[205.719, 335.032]   [299.772, 441.598]
[391.863, 335.395]   [405.055, 354.018]
[89.522, 336.186]   [234.555, 496.773]
[757.197, 337.674]   [613.311, 183.697]
[93.9718, 337.954]   [237.959, 495.316]
[652.003, 338.307]   [553.365, 233.132]
[709.584, 338.322]   [586.187, 206.978]
[107.511, 340.18]   [246.494, 490.241]
[246.607, 340.115]   [325.537, 424.781]
[302.477, 339.888]   [356.62, 398.6]
[624.591, 340.063]   [539.005, 247.997]
[136.053, 341.61]   [263.498, 477.702]
[351.737, 342.105]   [386.079, 375.87]
[211.156, 342.604]   [306.444, 442.831]
[222.161, 342.638]   [312.607, 437.686]
[627.928, 344.369]   [542.79, 248.801]
[719.645, 344.6]   [594.419, 206.213]
[380.693, 345.245]   [403.413, 364.803]
[209.805, 346.104]   [307.255, 445.648]
[246.315, 347.189]   [328.457, 429.116]
[432.327, 346.999]   [433.325, 341.636]
[482.042, 346.839]   [461.12, 318.39]
[193.832, 350.925]   [300.619, 455.891]
[432.461, 351.613]   [435.609, 344.069]
[51.3428, 353.584]   [221.143, 524.424]
[156.181, 357.191]   [282.109, 477.178]
[199.166, 357.048]   [306.792, 456.414]
[441.469, 357.223]   [443.463, 342.922]
[86.0861, 357.606]   [242.843, 509.984]
[601.523, 359.051]   [534.755, 268.991]
[644.418, 360.867]   [559.41, 249.992]
[107.335, 361.259]   [256.604, 502.375]
[425.653, 361.993]   [436.63, 353.331]
[193.346, 363.351]   [306.046, 463.175]
[634.258, 363.561]   [555.264, 256.358]
[469.979, 365.382]   [463.201, 334.578]
[171.905, 368.732]   [296.316, 475.922]
[608.276, 368.433]   [543.186, 271.011]
[611.036, 371.594]   [546.469, 271.458]
[622.367, 371.993]   [553.124, 266.309]
[660.846, 372.754]   [574.657, 249.108]
[395.555, 373.069]   [425.038, 373.544]
[682.618, 372.855]   [586.902, 239.004]
[351.216, 374.896]   [400.749, 395.126]
[289.519, 375.748]   [366.212, 424.498]
[634.15, 375.607]   [561.079, 263.424]
[649.216, 377.152]   [570.187, 257.138]
[572.299, 377.682]   [526.961, 293.516]
[782.453, 377.653]   [645.513, 195.516]
[259.588, 378.127]   [350.631, 439.905]
[334.2, 380.169]   [393.929, 406.175]
[57.1707, 380.79]   [237.206, 537.073]
[667.238, 381.819]   [582.779, 251.115]
[786.089, 383.749]   [650.421, 197.118]
[824.723, 383.481]   [672.294, 178.831]
[222.989, 384.042]   [332.808, 461.036]
[486.248, 385.082]   [481.758, 338.174]
[487.423, 388.462]   [484.457, 338.565]
[656.451, 398.116]   [583.877, 264.697]
[464.218, 400.97]   [476.9, 357.063]
[18.3146, 402.967]   [225.734, 567.647]
[589.274, 403.427]   [548.632, 299.633]
[332.95, 404.139]   [404.339, 420.315]
[326.461, 405.127]   [400.981, 423.968]
[582.433, 405.855]   [546.115, 304.058]
[841.091, 406.18]   [691.701, 184.065]
[676.884, 406.508]   [599.32, 259.799]
[397.721, 407.418]   [441.617, 391.927]
[178.435, 407.914]   [318.52, 495.211]
[491.521, 408.173]   [495.485, 348.104]
[504.944, 408.722]   [503.962, 342.039]
[345.15, 408.818]   [413.176, 417.189]
[512.296, 409.266]   [507.983, 339.184]
[670.616, 410.083]   [597.636, 265.148]
[361.868, 410.5]   [422.947, 410.531]
[497.525, 411.387]   [500.763, 346.977]
[448.47, 412.04]   [473.735, 370.322]
[582.296, 412.083]   [549.126, 307.635]
[677.408, 412.593]   [602.34, 262.965]
[334.532, 412.741]   [409.278, 424.553]
[690.445, 416.292]   [611.622, 259.892]
[725.615, 417.4]   [631.333, 244.038]
[382.969, 417.854]   [438.373, 404.526]
[666.695, 418.535]   [599.947, 272.592]
[681.419, 418.589]   [608.009, 265.087]
[395.596, 420.073]   [446.972, 399.731]
[134.668, 421.024]   [300.543, 523.057]
[343.857, 421.419]   [418.371, 425.07]
[297.352, 422.574]   [392.137, 447.976]
[497.338, 423.66]   [506.363, 354.201]
[223.455, 424.42]   [351.339, 483.259]
[813.375, 426.213]   [685.517, 208.389]
[444.383, 428.874]   [478.714, 382.048]
[365.101, 430.455]   [434.02, 419.984]
[440.474, 432.622]   [478.471, 385.811]
[371.081, 436.806]   [440.672, 421.046]
[190.828, 437.936]   [339.161, 506.416]
[188.062, 441.301]   [339.693, 509.697]
[516.527, 441.167]   [525.472, 354.857]
[211.906, 441.338]   [353.226, 497.939]
[671.799, 441.626]   [612.97, 282.036]
[468.506, 443.937]   [499.995, 378.805]
[650.707, 446.033]   [603.306, 294.67]
[127.448, 446.836]   [308.383, 541.444]
[462.042, 447.52]   [498.077, 384.068]
[470.801, 447.435]   [502.014, 380.776]
[595.354, 448.292]   [573.543, 322.042]
[776.116, 450.835]   [675.926, 239.388]
[131.587, 451.339]   [312.164, 541.986]
[79.0392, 453.882]   [284.124, 567.478]
[357.019, 456.623]   [442.199, 439.097]
[144.701, 457.211]   [322.421, 538.678]
[680.296, 458.295]   [626.587, 288.011]
[694.051, 458.856]   [634.21, 282.205]
[626.004, 459.298]   [595.539, 313.891]
[529.202, 460.094]   [540.844, 359.446]
[819.421, 460.738]   [705.222, 225.016]
[137.332, 461.335]   [320.061, 544.416]
[646.898, 462.555]   [608.904, 305.593]
[320.092, 463.601]   [424.585, 460.121]
[455.387, 463.576]   [501.716, 396.426]
[663.948, 463.518]   [618.848, 298.654]
[180.503, 464.952]   [346.158, 526.316]
[373.174, 466.931]   [455.906, 436.968]
[648.593, 468.993]   [612.985, 308.422]
[319.827, 469.902]   [427.666, 464.159]
[370.246, 470.446]   [456.604, 440.842]
[635.224, 471.285]   [606.412, 316.038]
[652.99, 472.02]   [616.381, 308.622]
[602.116, 473.112]   [588.332, 332.832]
[611.682, 472.85]   [593.894, 327.773]
[385.049, 474.594]   [466.444, 436.081]
[608.489, 475.773]   [593.832, 330.956]
[719.985, 479.151]   [657.521, 281.558]
[700.309, 481.464]   [647.478, 291.895]
[705.816, 481.631]   [651.493, 288.639]
[743.502, 483.348]   [672.759, 272.489]
[748.822, 483.989]   [676.178, 270.313]
[756.469, 484.434]   [681.08, 266.522]
[705.687, 485.205]   [651.929, 291.546]
[648.481, 485.597]   [620.879, 317.883]
[673.635, 485.445]   [634.476, 306.478]
[677.222, 485.407]   [636.467, 304.297]
[716.321, 485.619]   [658.365, 286.566]
[131.872, 486.987]   [329.869, 561.377]
[525.645, 486.819]   [552.094, 375.967]
[679.372, 488.759]   [639.924, 305.023]
[715.312, 488.84]   [659.301, 289.173]
[742.502, 489.83]   [674.831, 277.115]
[761.13, 490.695]   [685.929, 268.667]
[514.429, 491.013]   [546.498, 384.482]
[781.447, 491.007]   [697.518, 259.472]
[453.773, 505.144]   [519.726, 420.638]
[244.316, 510.43]   [403.66, 522.126]
[622.61, 513.948]   [619.451, 346.036]
[142.066, 514.879]   [347.883, 572.931]
[147.709, 514.992]   [351.885, 569.876]
[577.285, 514.923]   [594.15, 368.186]
[145.948, 518.539]   [352.538, 573.011]
[517.086, 518.887]   [561.976, 399.194]
[313.151, 520.158]   [447.477, 495.081]
[124.593, 523.188]   [342.873, 585.155]
[61.3895, 524.172]   [306.976, 615.659]
[215.479, 524.701]   [394.977, 543.692]
[128.153, 526.534]   [346.181, 585.711]
[191.882, 527.361]   [382.23, 556.519]
[350.241, 529.583]   [473.029, 483.024]
[229.161, 530.081]   [404.31, 540.338]
[11.6995, 530.948]   [282.502, 642.923]
[187.875, 531.257]   [381.632, 560.549]
[372.269, 534.635]   [487.817, 475.314]
[303.775, 535.15]   [449.553, 507.706]
[590.798, 538.252]   [611.911, 374.889]
[524.905, 539.579]   [575.604, 406.391]
[403.156, 541.929]   [507.941, 465.029]
[525.874, 542.995]   [577.862, 407.892]
[355.516, 544.07]   [483.08, 488.722]
[458.018, 546.508]   [541.228, 441.965]
[50.5448, 552.094]   [314.079, 636.323]
[284.847, 556.339]   [448.725, 528.847]
[59.0682, 559.238]   [321.966, 636.795]
[526.66, 564.659]   [588.961, 419.824]
[241.51, 565.706]   [428.208, 554.517]
[484.388, 566.672]   [566.49, 440.895]
[117.307, 573.71]   [361.89, 617.82]
[277.535, 580.349]   [455.795, 545.797]
[217.366, 585.173]   [423.751, 577.356]
[247.941, 587.733]   [442.525, 564.401]
[32.6952, 589.735]   [322.083, 665.849]
[296.029, 593.906]   [472.482, 544.888]
[254.478, 598.04]   [451.072, 567.165]
[223.641, 603.188]   [435.789, 584.454]
[417.198, 605.499]   [546.396, 494.416]
[362.04, 607.556]   [516.088, 521.835]
[58.1054, 613.232]   [346.938, 667.933]
[767.427, 617.345]   [748.785, 336.77]
[769.293, 622.673]   [752.673, 339.361]
[162.662, 623.704]   [411.402, 624.509]
[124.212, 631.066]   [392.849, 646.952]
[174.513, 633.686]   [422.567, 624.727]
[524.431, 643.126]   [625.124, 465.527]
[618.667, 646.556]   [678.717, 422.719]
[343.045, 647.942]   [524.142, 553.583]
[453.29, 648.842]   [587.409, 502.401]
[435.083, 649.704]   [577.497, 511.231]
[165.821, 651.758]   [426.041, 639.046]
[335.87, 651.424]   [522.043, 558.976]
[442.112, 652.342]   [582.444, 509.47]
[328.571, 656.632]   [520.55, 565.436]
[624.628, 660.217]   [689.026, 428.085]
[535.768, 661.639]   [639.649, 470.575]
[532.146, 661.958]   [637.646, 472.565]
[289.094, 663.109]   [501.291, 587.271]
[325.809, 663.291]   [522.328, 570.554]
[343.037, 663.417]   [532.132, 562.211]
[440.487, 663.494]   [586.99, 516.536]
[335.158, 666.001]   [528.624, 567.622]
[202.919, 666.894]   [453.809, 629.844]
[466.84, 667.012]   [602.925, 505.675]
[524.38, 667.85]   [636.106, 479.576]
[554.906, 671.202]   [654.753, 466.834]
[326.807, 675.622]   [528.514, 577.09]
[334.927, 53.1289]   [240.881, 221.171]
[795.251, 81.6644]   [513.325, 22.0515]
[525.001, 85.1563]   [362.64, 151.351]
[299.671, 85.9981]   [235.779, 256.885]
[784.76, 93.6964]   [513.366, 34.0998]
[558.869, 96.3651]   [387.18, 141.275]
[790.444, 101.186]   [520.408, 35.4603]
[763.869, 101.987]   [505.535, 48.72]
[281.908, 105.321]   [235.28, 276.393]
[645.365, 105.609]   [440.012, 105.303]
[589.56, 107.474]   [409.912, 132.662]
[621.134, 107.69]   [427.756, 118.229]
[785.168, 108.749]   [520.918, 41.973]
[276.617, 109.227]   [233.981, 280.523]
[714.347, 109.35]   [481.182, 75.5331]
[708.025, 109.75]   [477.754, 79.1135]
[240.872, 111.493]   [214.704, 298.444]
[558.643, 111.859]   [394.738, 149.682]
[741.402, 112.462]   [497.647, 64.7688]
[216.685, 113.168]   [201.668, 310.863]
[691.945, 115.519]   [471.16, 89.909]
[696.467, 117.1]   [474.498, 88.5681]
[798.744, 117.085]   [532.57, 40.4912]
[226.861, 117.345]   [209.658, 308.293]
[660.862, 118.792]   [455.333, 105.626]
[238.319, 119.881]   [217.075, 304.467]
[523.835, 121.922]   [379.553, 171.765]
[204.789, 122.766]   [199.76, 321.737]
[640.032, 124.322]   [445.563, 119.135]
[251.837, 125.061]   [227.477, 301.254]
[706.377, 126.991]   [484.647, 89.4021]
[531.234, 127.868]   [386.965, 172.166]
[617.779, 128.051]   [435.554, 130.702]
[413.206, 131.276]   [321.391, 228.603]
[624.105, 131.351]   [440.166, 130.134]
[320.953, 133.963]   [270.119, 274.006]
[665.934, 135.064]   [465.533, 112.315]
[353.693, 135.672]   [290.109, 258.955]
[580.044, 136.037]   [417.619, 153.148]
[557.304, 150.856]   [411.808, 172.365]
[505.928, 154.993]   [384.649, 199.051]
[513.648, 157.972]   [390.323, 197.249]
[521.554, 159.538]   [395.697, 194.126]
[343.958, 161.448]   [296.415, 278.198]
[166.637, 163.561]   [197.18, 362.688]
[520.476, 166.93]   [399.236, 198.297]
[368.284, 186.512]   [322.109, 280.969]
[516.384, 187.527]   [405.791, 212.693]
[105.19, 192.616]   [175.987, 408.092]
[620.459, 194.555]   [468.795, 167.726]
[373.249, 196.797]   [329.05, 284.659]
[244.936, 204.967]   [260.827, 348.906]
[437.069, 212.155]   [372.513, 263.18]
[133.925, 214.058]   [202.449, 406.544]
[357.534, 218.161]   [330.861, 303.957]
[629.467, 219.434]   [484.984, 177.28]
[374.716, 223.478]   [343, 298.844]
[308.603, 224.269]   [305.881, 330.904]
[221.366, 226.142]   [257.172, 372.453]
[190.279, 227.816]   [240.627, 387.949]
[262.879, 227.94]   [282.122, 354.142]
[305.411, 229.079]   [306.527, 334.519]
[792.773, 229.877]   [581.545, 107.07]
[815.292, 230.541]   [594.47, 96.7424]
[404.733, 233.211]   [364.654, 289.903]
[761.061, 233.221]   [565.163, 123.353]
[241.876, 233.627]   [272.457, 367.311]
[386.478, 234.853]   [354.828, 299.563]
[365.371, 238.986]   [344.807, 311.858]
[489.624, 242.074]   [416.235, 255.866]
[470.382, 242.477]   [406.176, 264.454]
[480.237, 242.508]   [411.393, 260.173]
[447.512, 243.475]   [393.312, 275.874]
[715.373, 245.882]   [545.092, 151.954]
[469.521, 246.428]   [407.062, 267.52]
[475.564, 246.256]   [410.698, 264.373]
[328.049, 247.138]   [327.823, 334.174]
[749.541, 251.056]   [566.976, 139.13]
[375.034, 253.055]   [356.782, 315.309]
[381.671, 253.542]   [361.081, 312.317]
[762.593, 253.37]   [575.514, 134.171]
[455.657, 253.942]   [403.206, 277.922]
[420.597, 256.885]   [384.717, 295.927]
[699.297, 259.579]   [543.294, 166.539]
[427.565, 260.59]   [390.132, 295.037]
[394.611, 264.662]   [373.45, 312.765]
[462.454, 270.553]   [414.665, 284.633]
[465.076, 274.975]   [418.35, 285.542]
[793.451, 274.886]   [603.389, 132.276]
[507.355, 275.265]   [442.341, 265.881]
[514.234, 275.9]   [446.428, 263.167]
[521.472, 276.52]   [450.59, 260.32]
[821.709, 281.421]   [622.264, 122.831]
[539.827, 285.728]   [465.552, 256.54]
[487.447, 286.78]   [436.465, 281.539]
[552.337, 287.746]   [473.732, 251.85]
[235.224, 288.54]   [294.469, 400.915]
[793.592, 290.897]   [611.047, 141.418]
[238.358, 292.086]   [297.991, 401.884]
[175.093, 292.505]   [262.897, 431.197]
[214.297, 294.607]   [285.56, 414.423]
[50.2326, 297.042]   [194.112, 492.774]
[207.459, 296.873]   [282.76, 418.91]
[303.352, 297.197]   [336.686, 374.304]
[81.9823, 297.499]   [212.104, 478.086]
[338.479, 302.979]   [359.626, 360.559]
[564.89, 302.994]   [487.415, 254.384]
[161.358, 306.087]   [261.02, 445.855]
[183.566, 307.299]   [274.302, 436.094]
[176.115, 309.039]   [271.05, 440.331]
[647.973, 309.749]   [537.925, 219.912]
[575.529, 310.261]   [497.921, 253.517]
[111.619, 310.995]   [235.265, 471.734]
[149.85, 311.963]   [257.039, 454.172]
[314.161, 314.411]   [351.243, 378.967]
[93.2607, 316.626]   [227.712, 483.809]
[170.453, 316.729]   [271.25, 447.474]
[147.368, 317.623]   [258.487, 458.506]
[185.592, 319.791]   [281.211, 442.175]
[272.53, 319.716]   [330.69, 400.865]
[17.1058, 321.47]   [186.725, 522.051]
[173.836, 321.347]   [275.215, 448.59]
[125.052, 322.977]   [248.417, 472.305]
[623.638, 324.94]   [530.929, 239.488]
[420.84, 326.945]   [417.415, 335.265]
[110.488, 328.046]   [242.731, 482.218]
[60.9742, 330.612]   [215.862, 506.788]
[585.118, 330.584]   [512.096, 260.401]
[206.28, 331.076]   [298.171, 438.826]
[54.5763, 332.209]   [212.903, 510.69]
[320.82, 333.43]   [364.13, 386.331]
[761.731, 333.801]   [613.122, 179.789]
[273.229, 334.554]   [337.472, 409.734]
[383.627, 334.646]   [400.115, 357.449]
[199.645, 337.555]   [297.513, 445.304]
[497.503, 339.598]   [466.925, 306.793]
[241.004, 339.805]   [321.671, 427.323]
[295.437, 339.832]   [353.732, 402.041]
[256.699, 340.513]   [331.137, 420.533]
[59.9769, 341.019]   [220.131, 513.189]
[660.064, 341.766]   [559.879, 231.434]
[414.51, 342.626]   [420.854, 347.527]
[367.82, 342.907]   [394.98, 369.423]
[590.56, 343.534]   [521.329, 265.398]
[47.4803, 346.429]   [215.665, 522.232]
[26.786, 347.812]   [204.72, 532.602]
[380.787, 349.577]   [405.501, 367.153]
[419.169, 349.693]   [427.408, 349.517]
[713.826, 349.104]   [593.317, 211.267]
[252.4, 349.887]   [332.93, 427.827]
[100.718, 350.172]   [247.241, 498.972]
[786.561, 350.992]   [635.138, 177.925]
[546.148, 351.448]   [499.983, 290.973]
[238.289, 352.542]   [326.69, 435.977]
[94.4873, 352.834]   [245.199, 503.586]
[199.886, 357.189]   [306.792, 456.414]
[321.908, 357.155]   [375.782, 399.096]
[63.101, 359.617]   [230.525, 522.046]
[290.965, 362.29]   [361.13, 417.087]
[630.413, 362.283]   [552.5, 257.618]
[746.893, 363.053]   [618.526, 203.85]
[391.533, 363.676]   [418.179, 370.16]
[786.626, 364.514]   [641.523, 185.996]
[615.167, 368.211]   [547.101, 267.754]
[641.037, 368.848]   [561.631, 256.279]
[645.406, 369.121]   [564.567, 254.136]
[572.526, 370.734]   [523.851, 289.626]
[202.51, 372.957]   [315.79, 464.604]
[131.698, 374.087]   [275.845, 497.97]
[104.347, 374.332]   [261.034, 510.519]
[312.094, 374.914]   [378.229, 414.114]
[285.675, 377.187]   [364.83, 427.601]
[136.418, 381.463]   [282.169, 500.113]
[216.489, 382.397]   [327.752, 463.225]
[220.026, 386.847]   [331.745, 463.977]
[390.916, 389.28]   [430.158, 384.566]
[491.478, 390.759]   [487.598, 338.16]
[666.38, 392.689]   [587.343, 257.035]
[593.427, 393.177]   [546.44, 291.437]
[575.967, 395.242]   [537.321, 301.078]
[252.968, 395.868]   [355.241, 453.374]
[451.346, 401.637]   [469.813, 363.352]
[380.555, 402.458]   [430.389, 397.029]
[396.097, 403.48]   [439.327, 390.181]
[312.395, 406.5]   [393.338, 431.478]
[88.668, 407.592]   [267.279, 536.786]
[291.214, 407.366]   [381.826, 441.96]
[547.004, 410.121]   [528.097, 323.384]
[501.683, 411.536]   [503.474, 345.486]
[346.029, 413.339]   [415.719, 419.523]
[106.455, 415.98]   [281.582, 533.604]
[298.947, 418.011]   [390.898, 443.917]
[327.827, 420.392]   [408.985, 432.046]
[164.24, 421.173]   [316.342, 509.404]
[364.02, 421.308]   [429.504, 415.561]
[159.43, 421.882]   [314.141, 512.074]
[781.353, 424.363]   [666.578, 222.388]
[386.355, 427.06]   [444.916, 408.441]
[484.049, 427.109]   [500.323, 362.369]
[501.163, 428.381]   [510.837, 355.136]
[500.788, 431.576]   [512.046, 357.084]
[385.785, 437.398]   [449.669, 414.642]
[592.23, 438.192]   [566.732, 317.484]
[217.871, 442.061]   [356.729, 495.565]
[635.296, 443.394]   [593.127, 300.254]
[344.566, 444.836]   [430.177, 438.177]
[780.884, 445.722]   [676.176, 234.63]
[397.345, 446.05]   [460.569, 413.924]
[359.695, 453.291]   [442.066, 435.696]
[678.073, 454.598]   [622.932, 286.943]
[319.929, 454.774]   [420.589, 455.437]
[170.272, 456.921]   [336.505, 526.671]
[620.221, 459.144]   [592.582, 316.285]
[632.123, 459.38]   [599.126, 310.802]
[609.528, 460.786]   [587.17, 322.149]
[237.42, 462.287]   [376.925, 498.174]
[316.018, 462.723]   [421.958, 461.789]
[634.885, 463.322]   [602.525, 311.779]
[140.64, 463.808]   [323.174, 544.352]
[666.691, 467.336]   [621.923, 299.178]
[205.78, 472.907]   [364.229, 518.514]
[237.949, 474.166]   [382.942, 504.395]
[644.46, 477.271]   [614.606, 315.518]
[377.413, 478.166]   [463.563, 441.39]
[90.5183, 481.325]   [303.082, 578.049]
[15.0247, 484.245]   [263.059, 614.297]
[170.193, 484.632]   [349.874, 542.169]
[629.797, 484.671]   [609.468, 326.401]
[662.495, 488.053]   [629.357, 312.972]
[699.935, 488.742]   [650.636, 296.166]
[464.861, 490.415]   [519.069, 407.205]
[577.438, 497.63]   [586.062, 358.405]
[301.915, 508.845]   [435.598, 494.024]
[384.802, 509.536]   [482.666, 455.766]
[377.364, 510.005]   [478.487, 459.335]
[513.324, 509.882]   [555.383, 395.527]
[573.837, 511.563]   [590.77, 368.424]
[375.064, 515.019]   [479.749, 463.221]
[367.706, 516.617]   [476.172, 467.497]
[83.4584, 517.216]   [316.368, 601.655]
[447.148, 518.422]   [522.138, 431.631]
[161.39, 519.312]   [362.251, 565.617]
[239.115, 521.333]   [406.899, 530.352]
[362.768, 521.681]   [475.718, 472.833]
[114.08, 521.878]   [335.551, 590.131]
[313.592, 523.931]   [449.623, 497.018]
[183.931, 524.569]   [377.134, 558.578]
[230.112, 525.694]   [403.546, 537.145]
[353.861, 525.569]   [472.681, 479.297]
[159.875, 528.62]   [365.159, 572.109]
[362.08, 530.052]   [479.38, 478.014]
[370.43, 530.482]   [484.449, 474.133]
[423.575, 534.401]   [515.95, 451.364]
[324.034, 536.311]   [461.442, 498.935]
[32.7911, 537.135]   [296.599, 636.515]
[109.602, 541.788]   [342.474, 603.208]
[324.131, 544.155]   [465.007, 503.5]
[153.826, 545.513]   [369.77, 584.063]
[383.149, 545.412]   [498.763, 476.592]
[218.774, 548.047]   [407.295, 555.339]
[123.137, 551.001]   [354.974, 601.234]
[368.332, 551.728]   [493.806, 487.234]
[62.3394, 552.318]   [320.615, 631.394]
[287.93, 559.127]   [451.516, 529.688]
[371.245, 559.997]   [499.141, 490.494]
[326.036, 561.612]   [474.495, 512.743]
[154.469, 567.036]   [379.778, 596.605]
[121.385, 571.749]   [363.068, 614.745]
[335.736, 575.571]   [486.022, 516.381]
[301.464, 583.459]   [470.694, 536.301]
[757.177, 590.565]   [731.373, 326.798]
[423.765, 592.85]   [543.982, 484.127]
[242.7, 594.877]   [442.691, 570.265]
[340.284, 616.216]   [508.015, 536.605]
[74.4109, 623.838]   [361.157, 666.116]
[525.815, 624.527]   [616.784, 454.399]
[180.105, 625.169]   [421.858, 616.48]
[301.914, 624.846]   [490.25, 559.623]
[152.925, 629.709]   [408.323, 632.401]
[806.9, 629.841]   [777.047, 325.959]
[283.965, 640.631]   [487.638, 577.551]
[395.006, 641.168]   [550.777, 525.517]
[358.002, 643.313]   [531.015, 543.914]
[137.555, 658.383]   [413.107, 656.128]
[192.881, 664.722]   [447.431, 633.757]
[445.346, 667.791]   [591.577, 516.783]
[545.228, 673.175]   [649.949, 472.441]
[310.809, 45.3808]   [223.459, 228.684]
[312.407, 67.1909]   [234.466, 239.783]
[608.258, 74.34]   [405.529, 105.18]
[768.839, 86.8387]   [501.67, 38.0157]
[784.401, 93.1344]   [513.366, 34.0998]
[703.016, 95.912]   [468.365, 73.5049]
[730.241, 100.434]   [485.719, 63.8399]
[595.968, 105.811]   [412.905, 128.834]
[255.827, 108.778]   [222.163, 289.679]
[650.224, 108.865]   [444.579, 105.345]
[626.301, 109.725]   [431.372, 117.245]
[626.301, 109.725]   [431.631, 117.119]
[731.807, 110.004]   [491.449, 67.8567]
[798.2, 111.172]   [529.473, 37.4502]
[680.707, 117.176]   [465.774, 95.6695]
[716.32, 117.467]   [485.991, 79.628]
[560.78, 120.649]   [399.856, 153.959]
[239.138, 122.591]   [218.939, 305.536]
[272.346, 121.866]   [237.717, 289.382]
[588.337, 124.011]   [417.191, 142.702]
[811.408, 124.329]   [542.7, 39.1886]
[104.619, 125.556]   [144.839, 369.981]
[723.052, 126.292]   [493.65, 81.763]
[714.338, 126.875]   [489.317, 85.5003]
[605.142, 128.159]   [428.074, 137.536]
[762.82, 128.75]   [517.44, 64.0293]
[575.242, 129.667]   [412.173, 152.313]
[663.11, 130.093]   [462.065, 111.116]
[746.635, 130.393]   [509.437, 72.5673]
[597.914, 131.238]   [425.873, 142.649]
[15.1524, 134.16]   [98.033, 416.819]
[479.277, 136.171]   [361.465, 200.843]
[723.021, 139.963]   [500.709, 89.0924]
[542.283, 146.319]   [401.821, 177.499]
[400.241, 160.018]   [327.895, 251.17]
[357.455, 160.669]   [303.746, 271.442]
[404.261, 164.623]   [332.204, 251.622]
[511.057, 170.205]   [394.481, 205.176]
[672.928, 173.652]   [488.09, 130.622]
[248.014, 176.232]   [249.298, 331.426]
[280.92, 175.863]   [267.638, 316.377]
[208.705, 187.987]   [232.533, 357.196]
[155.553, 192.962]   [205.115, 384.505]
[620.163, 195.01]   [468.795, 167.726]
[92.8537, 197.699]   [172.008, 416.947]
[362.992, 197.516]   [324.43, 289.773]
[369.03, 201.233]   [329.53, 288.917]
[238.647, 203.037]   [256.904, 351.337]
[116.947, 212.899]   [192.954, 413.832]
[109.507, 217.085]   [189.926, 419.386]
[314.03, 226.022]   [310.123, 328.942]
[558.913, 227.831]   [449.273, 214.871]
[234.701, 233.636]   [268.816, 370.417]
[248.336, 233.984]   [276.72, 364.373]
[185.388, 239.846]   [243.73, 396.99]
[314.178, 244.273]   [318.869, 338.929]
[714.59, 245.236]   [545.092, 151.954]
[736.241, 245.028]   [557.245, 141.61]
[732.748, 250.663]   [557.72, 146.398]
[372.032, 264.294]   [361.012, 322.471]
[503.428, 265.228]   [435.348, 262.607]
[23.1351, 272.693]   [167.689, 491.687]
[503.935, 288.375]   [446.811, 274.896]
[107.557, 293.048]   [224.703, 463.672]
[310.58, 293.748]   [339.771, 368.496]
[411.97, 294.464]   [397.711, 321.356]
[340.008, 294.514]   [356.915, 355.497]
[152.629, 297.293]   [252.6, 444.516]
[74.3039, 297.828]   [208.422, 481.902]
[198.874, 301.292]   [280.148, 425.646]
[189.87, 307.631]   [278.071, 433.24]
[652.009, 313.88]   [542.159, 220.266]
[23.8272, 315.469]   [188.178, 515.53]
[250.671, 315.06]   [316.071, 408.852]
[416.843, 314.834]   [410.009, 330.757]
[110.123, 316.683]   [237.527, 475.499]
[206.417, 319.105]   [292.999, 431.932]
[417.059, 321.907]   [413.291, 334.682]
[52.2505, 323.734]   [208.018, 507.028]
[651.667, 326.218]   [548.033, 226.517]
[67.1067, 329.599]   [218.99, 503.479]
[300.042, 328.719]   [350.467, 393.183]
[769.704, 330.485]   [616.374, 174.703]
[175.976, 335.897]   [283.617, 455.803]
[222.219, 337.264]   [310.741, 434.518]
[316.205, 337.233]   [363.283, 390.611]
[576.322, 337.689]   [510.492, 269.209]
[343.858, 340.539]   [380.271, 379.403]
[672.406, 342.091]   [567.071, 226.422]
[72.5259, 344.203]   [228.931, 509.246]
[759.111, 347.127]   [618.098, 189.111]
[13.7327, 350.445]   [198.569, 540.084]
[787.037, 351.229]   [635.138, 177.925]
[45.0046, 352.474]   [217.156, 526.859]
[485.227, 351.511]   [465.701, 319.587]
[499.64, 352.541]   [474.37, 313.26]
[303.148, 353.63]   [363.327, 406.162]
[164.917, 355.163]   [286.328, 472.107]
[629.811, 362.011]   [552.5, 257.618]
[153.105, 363.147]   [283.151, 481.887]
[417.669, 365.72]   [434.124, 359.101]
[695.606, 366.778]   [591.427, 229.757]
[130.152, 367.994]   [272.449, 495.181]
[312.804, 367.579]   [375.269, 409.535]
[115.271, 369.233]   [264.687, 502.532]
[395.812, 372.374]   [425.038, 373.544]
[167.835, 372.78]   [296.025, 479.977]
[744.667, 373.38]   [622.063, 210.624]
[56.1536, 375.002]   [234.294, 534.287]
[433.123, 377.039]   [448.33, 358.154]
[654.883, 377.027]   [573.118, 254.716]
[773.594, 378.882]   [641.295, 199.984]
[803.01, 379.074]   [657.626, 186.708]
[595.159, 387.793]   [544.741, 288.037]
[499.52, 390.233]   [492.253, 334.334]
[525.953, 390.329]   [506.728, 322.14]
[82.6755, 400.968]   [261.117, 536.533]
[173.847, 405.933]   [315.274, 496.027]
[370.344, 405.657]   [425.344, 404.119]
[50.0385, 409.671]   [247.056, 556.812]
[396.262, 411.955]   [443.647, 394.952]
[429.984, 412.538]   [462.731, 379.55]
[108.959, 430.227]   [289.858, 540.552]
[367.143, 434.17]   [437.311, 421.426]
[497.698, 435.776]   [512.492, 360.779]
[468.545, 438.666]   [497.6, 376.137]
[358.298, 441.3]   [435.624, 429.281]
[161.941, 442.82]   [325.681, 522.164]
[674.575, 445.248]   [616.376, 283.145]
[685.157, 444.699]   [622.174, 278.275]
[310.924, 446.462]   [411.205, 453.9]
[761.892, 448.793]   [667.1, 244.995]
[237.859, 449.906]   [371.949, 491.217]
[679.533, 449.425]   [621.23, 282.981]
[681.204, 458.938]   [626.587, 288.011]
[177.223, 470.183]   [347.353, 530.428]
[205.878, 472.248]   [364.229, 518.514]
[644.819, 472.187]   [612.491, 312.148]
[660.046, 473.257]   [621.903, 305.487]
[90.0487, 480.875]   [303.082, 578.049]
[198.549, 483.896]   [365.727, 528.464]
[458.391, 483.936]   [512.998, 406.111]
[648.941, 484.853]   [620.879, 317.883]
[700.224, 488.719]   [650.636, 296.166]
[785.99, 497.547]   [702.979, 260.802]
[581.373, 502.04]   [590.325, 359.274]
[439.344, 512.558]   [515.107, 432.056]
[243.854, 517.002]   [406.28, 526.358]
[375.702, 520.223]   [482.866, 465.736]
[109.945, 529.155]   [336.814, 596.031]
[179.828, 529.487]   [376.608, 563.335]
[512.665, 532.046]   [566.28, 407.912]
[368.36, 535.195]   [485.575, 477.918]
[349.579, 538.652]   [477.491, 488.214]
[532.84, 539.799]   [580.46, 402.943]
[572.985, 543.799]   [605.164, 386.65]
[400.761, 546.1]   [508.98, 468.502]
[280.045, 553.311]   [444.261, 529.872]
[395.945, 571.058]   [518.888, 485.081]
[390.137, 571.464]   [515.095, 488.312]
[496.19, 575.685]   [577.141, 441.001]
[262.989, 584.12]   [449.441, 555.342]
[363.797, 596.044]   [511.38, 513.504]
[163.889, 630.022]   [414.832, 627.564]
[641.679, 663.201]   [700.072, 421.851]
[627.677, 89.925]   [423.018, 104.879]
[689.911, 94.8133]   [460.528, 78.8704]
[632.093, 97.3222]   [429.163, 107.396]
[629.321, 104.265]   [430.637, 112.846]
[692.974, 104.859]   [466.685, 82.874]
[521.155, 108.873]   [372.516, 166.15]
[639.309, 109.87]   [438.887, 110.635]
[207.177, 111.798]   [195.916, 314.155]
[254.3, 115.97]   [225.354, 295.295]
[537.32, 116.278]   [384.895, 162.168]
[654.422, 116.777]   [451.107, 107.776]
[738.961, 117.689]   [498.823, 68.6913]
[48.3794, 127.396]   [114.253, 397.068]
[822.478, 131.981]   [552.662, 38.0362]
[692.762, 139.722]   [483.275, 102.639]
[354.563, 145.721]   [295.904, 264.708]
[484.756, 150.87]   [370.995, 206.149]
[442.671, 152.086]   [347.564, 226.981]
[280.789, 159.63]   [259.972, 307.365]
[330.069, 168.512]   [292.054, 288.392]
[295.148, 185.002]   [279.924, 314.167]
[799.29, 209.946]   [576.059, 92.169]
[226.294, 214.067]   [254.982, 363.208]
[684.099, 222.036]   [516.967, 152.561]
[387.857, 232.271]   [354.421, 297.21]
[196.701, 233.208]   [247.246, 387.668]
[682.695, 232.862]   [521.385, 159.442]
[798.668, 235.043]   [587.405, 106.778]
[97.3781, 240.809]   [194.182, 438.864]
[145.575, 240.236]   [221.936, 415.125]
[835.958, 251.523]   [615.946, 99.0537]
[329.221, 257.08]   [333.101, 339.091]
[439.642, 264.733]   [399.284, 291.73]
[431.377, 270.924]   [397.305, 298.793]
[324.952, 279.778]   [341.52, 354.369]
[649.34, 286.196]   [527.674, 205.656]
[256.903, 289.764]   [307.549, 391.499]
[325.399, 290.605]   [346.381, 359.699]
[539.325, 291.117]   [467.939, 259.718]
[530.435, 297.178]   [465.995, 268.098]
[224.59, 305.653]   [296.17, 415.703]
[798.635, 308.543]   [622.137, 148.579]
[45.4173, 315.318]   [199.796, 505.222]
[678.648, 316.789]   [558.758, 208.846]
[330.103, 326.052]   [365.85, 377.662]
[481.717, 328.842]   [453.413, 308.201]
[196.089, 330.07]   [291.919, 442.683]
[528.687, 329.814]   [479.894, 286.196]
[506.302, 330.929]   [467.966, 297.738]
[645.097, 332.52]   [547.327, 233.257]
[788.885, 337.089]   [630.073, 169.115]
[777.714, 338.524]   [624.905, 175.604]
[680.016, 339.871]   [570.173, 221.539]
[615.87, 341.922]   [534.998, 252.751]
[429.397, 351.968]   [433.669, 345.806]
[541.398, 356.9]   [499.953, 296.294]
[412.751, 361.226]   [428.828, 358.821]
[755.72, 363.133]   [623.492, 199.883]
[549.074, 363.54]   [507.744, 296.119]
[576.604, 363.956]   [523.223, 283.256]
[412.312, 370.259]   [433.065, 363.904]
[639.808, 373.455]   [563.275, 259.357]
[623.952, 376.805]   [556.295, 268.497]
[271.863, 377.902]   [357.825, 434.566]
[358.403, 378.071]   [406.362, 393.731]
[628.167, 384.007]   [561.861, 270.553]
[342.203, 395.097]   [405.342, 410.704]
[265.031, 397.093]   [363.276, 448.393]
[608.866, 397.166]   [556.702, 286.731]
[412.537, 402.284]   [448.41, 381.895]
[825.251, 410.33]   [685.228, 193.801]
[55.7353, 414.589]   [252.686, 556.45]
[102.672, 414.832]   [278.969, 534.589]
[167.062, 415.156]   [314.978, 504.465]
[435.59, 415.938]   [467.378, 378.98]
[510.358, 418.213]   [511.678, 345.125]
[665.126, 419.883]   [599.827, 273.952]
[487.584, 423.395]   [500.148, 358.419]
[664.319, 438.573]   [607.115, 283.705]
[338.795, 441.362]   [424.495, 438.678]
[198.292, 445.859]   [347.322, 506.866]
[823.796, 445.142]   [699.985, 214.004]
[751.144, 447.649]   [660.703, 249.648]
[370.399, 448.468]   [445.648, 427.847]
[602.683, 449.69]   [578.631, 319.38]
[168.688, 455.584]   [335.015, 526.398]
[583.033, 459.442]   [571.65, 333.944]
[643.509, 463.743]   [607.806, 307.894]
[199.722, 467.612]   [358.381, 518.712]
[681.952, 476.361]   [635.393, 297.36]
[736.272, 478.043]   [666.245, 272.905]
[761.685, 479.25]   [681.013, 262.226]
[780.198, 480.06]   [691.731, 253.352]
[48.7076, 484.197]   [281.095, 598.745]
[175.971, 491.019]   [355.774, 543.232]
[141.639, 497.828]   [339.784, 562.732]
[151.115, 498.234]   [346.069, 558.002]
[445.603, 510.077]   [517.276, 427.62]
[630.208, 513.428]   [623.615, 341.974]
[99.8397, 529.187]   [330.962, 600.601]
[326.314, 530.339]   [459.355, 494.793]
[445.305, 533.141]   [527.967, 439.742]
[438.961, 533.804]   [524.705, 444.003]
[38.1549, 537.869]   [300.178, 634.656]
[341.632, 537.7]   [471.996, 491.089]
[435.815, 547.74]   [528.967, 452.948]
[219.777, 578.93]   [422.6, 572.76]
[502.411, 580.159]   [582.27, 440.024]
[434.19, 586.172]   [547.083, 476.172]
[102.201, 608.257]   [369.623, 644.157]
[171.996, 609.743]   [409.985, 612.289]
[580.964, 632.636]   [651.686, 432.918]
[778.356, 648.749]   [770.22, 349.642]
[770.94, 653.79]   [769.013, 356.059]
[631.663, 666.866]   [696.928, 428.87]
[657.429, 88.4735]   [439.333, 90.2153]
[765.216, 117.168]   [513.234, 56.303]
[729.056, 118.182]   [493.261, 73.7011]
[502.678, 124.929]   [368.82, 184.048]
[253.622, 129.114]   [229.952, 302.478]
[280.498, 147.725]   [254.259, 300.275]
[513.144, 150.518]   [387.039, 193.528]
[493.818, 153.045]   [376.927, 203.831]
[487.192, 162.796]   [377.567, 212.031]
[389.134, 164.243]   [322.793, 258.777]
[214.46, 168.905]   [226.599, 343.006]
[268.65, 194.653]   [269.672, 332.335]
[368.28, 224.262]   [339.607, 302.009]
[430.349, 230.037]   [377.558, 276.512]
[729.602, 231.169]   [546.688, 136.937]
[484.748, 251.916]   [418.664, 263.021]
[805.851, 259.479]   [603.206, 117.045]
[820.577, 259.135]   [611.349, 110.16]
[496.792, 261.862]   [429.555, 262.836]
[447.595, 270.985]   [406.838, 291.138]
[342.2, 274.467]   [348.983, 343.586]
[497.969, 274.006]   [436.389, 269.22]
[378.478, 283.303]   [373.292, 330.746]
[351.772, 285.88]   [359.69, 344.625]
[38.8733, 295.716]   [187.121, 497.186]
[79.3849, 303.783]   [213.714, 482.623]
[694.055, 316.923]   [566.836, 202.22]
[798.738, 316.932]   [625.905, 153.126]
[162.83, 328.28]   [272.056, 457.644]
[376.156, 328.285]   [392.908, 357.17]
[215.988, 331.625]   [303.88, 434.171]
[658.348, 335.619]   [555.426, 228.688]
[32.5199, 344.172]   [206.157, 527.752]
[767.649, 347.935]   [622.916, 185.248]
[387.762, 350.375]   [409.735, 364.174]
[230.95, 351.17]   [321.486, 438.254]
[550.729, 355.807]   [504.854, 290.341]
[66.2457, 363.701]   [234.308, 522.923]
[671.621, 365.057]   [576.976, 238.917]
[364.73, 370.195]   [406.014, 386.293]
[262.908, 374.998]   [350.908, 436.653]
[372.304, 375.928]   [413.119, 386.135]
[389.885, 376.617]   [423.441, 378.265]
[71.6255, 381.403]   [245.638, 530.293]
[511.466, 386.352]   [496.724, 326.063]
[172.91, 392.165]   [307.837, 488.871]
[200.567, 395.242]   [325.029, 477.746]
[437.535, 402.359]   [462.366, 370.28]
[353.815, 419.184]   [422.911, 419.034]
[709.312, 422.448]   [625.208, 254.548]
[478.846, 430.031]   [498.971, 366.074]
[463.458, 432.898]   [491.677, 374.811]
[454.309, 437.668]   [488.901, 381.784]
[181.346, 442.637]   [336.524, 513.226]
[596.322, 451.101]   [575.126, 323.037]
[602.352, 458.651]   [582.158, 324.841]
[591.122, 465.1]   [578.743, 333.54]
[632.773, 466.43]   [602.729, 314.366]
[660.004, 466.986]   [618.018, 302.653]
[49.0179, 471.52]   [275.259, 591.809]
[644.645, 472.161]   [612.491, 312.148]
[373.329, 475.688]   [460.35, 441.756]
[811.926, 481.354]   [710.171, 239.465]
[436.334, 486.469]   [500.425, 418.685]
[306.896, 516.68]   [441.944, 495.962]
[455.208, 535.349]   [534.053, 436.939]
[397.578, 538.936]   [503.277, 466.256]
[219.237, 543.231]   [405.121, 552.31]
[385.483, 552.188]   [503.245, 479.071]
[78.2923, 554.006]   [331.093, 624.622]
[166.813, 602.819]   [403.551, 610.994]
[161.824, 612.454]   [405.244, 618.546]
[505.264, 74.6668]   [346.874, 154.258]
[486.621, 79.511]   [338.472, 165.415]
[504.796, 96.6247]   [357.037, 166.812]
[493.351, 113.061]   [357.743, 181.212]
[209.907, 118.734]   [201.461, 316.93]
[650.566, 118.7]   [449.893, 110.552]
[569.012, 121.885]   [405.242, 150.611]
[729.913, 127.636]   [498.69, 78.7205]
[279.488, 130.793]   [245.914, 290.881]
[277.093, 184.997]   [270.001, 322.855]
[611.861, 191.364]   [462.535, 169.414]
[627.77, 192.715]   [472.24, 162.72]
[175.48, 193.226]   [216.64, 374.882]
[367.368, 193.703]   [325.566, 285.504]
[277.77, 198.348]   [276.883, 329.797]
[584.069, 200.989]   [450.72, 188.217]
[261.912, 209.62]   [272.893, 344.552]
[367.016, 213.915]   [334.76, 296.914]
[626.212, 214.726]   [481.679, 176.057]
[184.061, 216.582]   [232.551, 384.397]
[503.419, 215.245]   [411.427, 233.489]
[698.366, 225.752]   [527.273, 148.876]
[221.743, 230.49]   [260.435, 374.533]
[747.989, 229.42]   [557.333, 127.596]
[190.432, 231.679]   [243.167, 390.276]
[649.911, 251.903]   [511.826, 186.031]
[681.745, 252.361]   [530.408, 171.059]
[806.365, 259.783]   [603.206, 117.045]
[568.465, 269.57]   [474.619, 233.726]
[264.788, 284.464]   [309.828, 384.734]
[333.57, 284.136]   [348.598, 352.301]
[54.6578, 294.692]   [195.702, 489.387]
[129.47, 314.508]   [247.298, 464.822]
[435.451, 320.016]   [422.906, 324.592]
[252.524, 329.638]   [324.385, 416.276]
[419.876, 337.652]   [422.529, 342.037]
[597.107, 337.244]   [522.806, 258.939]
[238.585, 339.712]   [320.785, 428.696]
[543.652, 345.003]   [495.917, 288.134]
[767.782, 347.713]   [622.916, 185.248]
[703.342, 350.146]   [588.458, 216.569]
[723.678, 350.485]   [600.141, 207.184]
[747.902, 349.521]   [613.46, 195.074]
[523.661, 355.018]   [489.565, 303.302]
[298.285, 360.371]   [364.192, 411.304]
[162.432, 370.371]   [292.015, 481.566]
[353.939, 369.433]   [399.768, 391.324]
[174.895, 373.824]   [300.374, 477.132]
[732.132, 387.844]   [621.39, 224.172]
[744.024, 388.479]   [629.09, 218.317]
[221.057, 398.552]   [338.455, 469.951]
[467.646, 402.854]   [479.329, 356.74]
[99.3076, 404.385]   [272.164, 530.443]
[186.003, 408.064]   [322.415, 491.62]
[651.295, 409.727]   [587.277, 274.004]
[815.648, 415.031]   [682.287, 200.901]
[648.887, 420.273]   [590.796, 281.218]
[282.972, 420.214]   [383.623, 452.909]
[87.8, 426.028]   [276.338, 548.279]
[515.248, 427.606]   [518.9, 347.897]
[59.0388, 431.711]   [262.713, 564.868]
[399.149, 433.265]   [455.421, 405.96]
[142.314, 439.875]   [313.025, 530.001]
[177.245, 451.241]   [338.714, 520.574]
[692.042, 452.341]   [629.82, 279.721]
[136.18, 456.006]   [317.517, 542.455]
[49.2977, 471.783]   [275.259, 591.809]
[574.351, 472.096]   [573.019, 345.237]
[298.677, 521.587]   [440.22, 502.961]
[472.648, 536.759]   [545.289, 429.386]
[461.659, 546.439]   [544.163, 439.959]
[47.1306, 551.09]   [312.044, 637.602]
[340.046, 607.984]   [503.905, 532.379]
[493.822, 616.225]   [594.464, 464.268]
[686.129, 103.492]   [462.291, 85.6945]
[312.699, 117.821]   [258.002, 268.229]
[592.287, 190.104]   [450.387, 177.469]
[168.78, 215.988]   [224.246, 390.71]
[131.373, 230.294]   [209.034, 417.019]
[788.491, 236.051]   [582.902, 111.819]
[720.471, 250.786]   [550.799, 151.714]
[739.869, 249.116]   [561.337, 142.17]
[773.361, 249.178]   [579.948, 126.989]
[798.164, 249.216]   [593.583, 114.449]
[798.22, 297.078]   [616.258, 142.087]
[44.627, 304.016]   [194.737, 499.393]
[809.982, 309.93]   [628.794, 143.235]
[308.591, 321.879]   [351.595, 385.144]
[363.788, 336.129]   [389.809, 366.848]
[371.039, 349.794]   [400.049, 371.397]
[106.424, 355.174]   [253.466, 499.102]
[41.8724, 369.61]   [223.771, 537.484]
[792.092, 375.504]   [650.016, 189.488]
[683.134, 389.546]   [595.07, 247.416]
[144.874, 417.738]   [304.945, 516.483]
[355.001, 430.124]   [428.394, 424.167]
[812.523, 439.82]   [691.31, 215.898]
[163.868, 451.105]   [330.811, 525.257]
[350.727, 463.308]   [442.34, 445.085]
[49.3145, 513.936]   [295.2, 615.456]
[326.441, 554.436]   [471.488, 508.314]
[185.532, 570.424]   [399.196, 583.476]
[249.041, 571.906]   [435.902, 554.274]
[808.351, 604.049]   [766.062, 309.944]
[310.441, 121.175]   [258.722, 272.378]
[304.087, 170.829]   [278.743, 301.648]
[364.638, 274.895]   [361.806, 332.273]
[66.2458, 304.266]   [207.489, 488.798]
[708.116, 304.236]   [568.69, 187.858]
[280.083, 357.008]   [352.198, 418.181]
[684.724, 364.483]   [584.225, 232.953]
[262.012, 366.771]   [346.672, 432.087]
[271.654, 407.028]   [370.777, 450.257]
[238.456, 212.9]   [261.929, 356.641]
[196.224, 528.485]   [385.624, 554.653]
